3
5
10
12
28
30
31
37
57
93
108
109
113
136
139
143
146
163
165
180
184
187
193
196
212
216
217
235
251
258
269
273
283
297
302
311
323
338
357
361
382
401
407
412
428
448
451
463
465
485
512
522
543
544
557
576
579
595
601
610
618
620
636
644
648
661
664
667
680
682
686
699
705
709
717
719
720
723
725
728
732
743
805
820
841
842
859
860
861
865
872
877
883
890
892
897
913
919
923
931
943
945
954
973
978
986
991
1012
1014
1030
1035
1053
1057
1060
1067
1088
1097
1105
1139
1151
1156
1165
1184
1200
1206
1217
1227
1228
1240
1251
1254
1263
1265
1272
1275
1279
1303
1314
1333
1335
1353
1370
1382
1384
1392
1400
1406
1422
1424
1437
1438
1449
1451
1482
1487
1498
1513
1515
1516
1517
1546
1549
1555
1556
1581
1582
1591
1597
1616
1618
1619
1629
1647
1656
1660
1662
1682
1685
1690
1712
1721
1739
1743
1750
1762
1774
1775
1781
1793
1796
1805
1816
1827
1828
1839
1846
1848
1851
1865
1878
1885
1886
1894
1918
1929
1944
1953
1964
1988
1992
1993
1995
2005
2027
2031
2042
2051
2057
2059
2060
2066
2074
2094
2114
2120
2128
2135
2144
2149
2159
2178
2179
2185
2202
2208
2212
2222
2231
2256
2266
2288
2294
2296
2303
2306
2319
2323
2326
2331
2337
2356
2360
2362
2372
2380
2390
2416
2418
2420
2442
2448
2462
2465
2467
2475
2478
2481
2488
2495
2520
2523
2525
2536
2547
2549
2550
2552
2554
2555
2563
2576
2578
2594
2599
2602
2606
2608
2620
2642
2658
2661
2666
2667
2683
2684
2688
2691
2695
2701
2707
2711
2718
2723
2745
2754
2763
2773
2784
2791
2806
2808
2816
2820
2838
2841
2854
2869
2871
2875
2879
2881
2882
2890
2893
2894
2928
2930
2932
2947
2956
2959
2964
2985
3001
3004
3006
3038
3045
3050
3061
3064
3085
3094
3103
3105
3109
3119
3129
3164
3169
3174
3188
3194
3195
3200
3207
3208
3213
3219
3220
3231
3236
3247
3251
3264
3278
3293
3295
3305
3325
3345
3375
3400
3408
3423
3427
3434
3437
3439
3442
3463
3471
3473
3475
3481
3504
3505
3508
3525
3529
3531
3538
3547
3573
3579
3585
3605
3618
3648
3650
3658
3659
3677
3684
3689
3697
3699
3703
3704
3705
3711
3719
3739
3741
3748
3758
3763
3765
3769
3773
3775
3786
3788
3822
3827
3830
3847
3862
3884
3885
3897
3904
3913
3918
3934
3943
3954
3956
3976
3988
3993
3996
3999
4018
4031
4035
4043
4044
4063
4070
4080
4083
4085
4098
4099
4147
4152
4155
4165
4168
4177
4182
4188
4195
4196
4197
4198
4199
4201
4202
4216
4235
4253
4256
4260
4275
4281
4289
4304
4305
4318
4320
4339
4352
4357
4365
4369
4370
4372
4389
4406
4420
4433
4445
4447
4448
4452
4453
4460
4466
4478
4480
4496
4536
4539
4544
4550
4557
4560
4561
4563
4564
4579
4616
4636
4646
4659
4668
4683
4691
4700
4705
4718
4721
4738
4766
4778
4782
4784
4798
4799
4806
4810
4828
4830
4841
4848
4850
4855
4856
4863
4865
4866
4874
4891
4904
4912
4915
4917
4918
4931
4938
4979
4988
5001
5024
5034
5050
5078
5083
5086
5092
5093
5094
5096
5104
5110
5133
5134
5137
5151
5153
5162
5172
5182
5211
5215
5217
5230
5237
5251
5258
5259
5260
5269
5295
5311
5318
5327
5328
5334
5344
5347
5350
5359
5369
5377
5384
5391
5413
5420
5429
5442
5445
5450
5457
5468
5474
5477
