3
13
21
28
30
54
67
78
93
95
109
139
143
152
180
184
201
222
251
258
297
302
311
325
344
355
361
372
388
413
428
451
465
470
485
528
544
547
571
577
644
671
682
698
699
703
709
717
723
732
743
751
752
798
802
808
820
821
842
859
861
865
890
892
919
945
973
976
979
1012
1014
1026
1030
1035
1067
1076
1097
1103
1104
1105
1139
1156
1165
1184
1200
1227
1240
1251
1254
1263
1272
1275
1277
1279
1303
1309
1314
1325
1326
1353
1393
1408
1418
1443
1447
1451
1482
1496
1504
1517
1518
1520
1546
1565
1616
1619
1643
1662
1681
1682
1708
1709
1712
1721
1730
1758
1785
1796
1816
1821
1822
1828
1829
1839
1845
1848
1851
1860
1865
1878
1885
1886
1905
1929
1946
1953
1960
1982
1988
1992
1993
1995
2005
2009
2017
2027
2042
2057
2066
2073
2081
2089
2114
2120
2126
2134
2140
2149
2171
2179
2185
2189
2202
2203
2231
2235
2266
2270
2294
2296
2306
2319
2323
2356
2360
2362
2375
2380
2390
2395
2416
2418
2442
2465
2475
2478
2511
2523
2525
2549
2552
2554
2576
2578
2594
2606
2609
2615
2622
2623
2624
2633
2641
2655
2666
2682
2684
2697
2711
2718
2773
2783
2790
2791
2800
2806
2808
2831
2854
2866
2871
2875
2879
2881
2882
2894
2896
2928
2931
2935
2947
2964
2975
3004
3038
3045
3050
3054
3062
3064
3103
3109
3123
3157
3164
3166
3182
3187
3195
3204
3206
3207
3208
3213
3231
3251
3267
3279
3293
3295
3322
3328
3333
3347
3355
3377
3402
3431
3434
3439
3442
3461
3502
3505
3506
3508
3516
3520
3525
3529
3531
3573
3605
3607
3610
3614
3618
3621
3630
3648
3658
3659
3677
3704
3705
3721
3747
3748
3773
3784
3803
3809
3817
3830
3862
3884
3904
3918
3934
3951
3956
3989
3994
3999
4018
4021
4031
4038
4039
4043
4063
4080
4096
4098
4099
4132
4165
4172
4178
4182
4196
4199
4200
4202
4216
4220
4222
4227
4249
4253
4256
4275
4279
4286
4289
4304
4309
4318
4320
4357
4370
4374
4389
4403
4406
4420
4444
4445
4453
4492
4531
4557
4579
4616
4621
4627
4633
4636
4637
4659
4663
4669
4673
4692
4705
4720
4721
4733
4766
4767
4782
4798
4799
4808
4810
4815
4822
4828
4840
4847
4850
4855
4856
4874
4886
4891
4892
4894
4896
4904
4938
4979
4982
4994
5001
5041
5044
5050
5078
5094
5096
5098
5100
5114
5134
5143
5153
5217
5219
5221
5258
5269
5293
5295
5318
5326
5345
5350
5375
5377
5384
5420
5426
5427
5445
5463
5468
5474
5477
