5
10
12
13
21
28
30
31
37
54
57
67
78
93
95
108
109
113
130
136
139
143
146
152
163
165
171
179
180
184
187
193
196
201
212
216
217
222
235
247
251
258
269
273
283
297
302
311
323
325
338
344
355
357
361
372
382
388
401
407
412
413
428
448
451
463
465
470
485
512
522
528
543
544
547
557
571
576
577
579
595
601
610
618
620
636
644
648
661
664
667
671
680
682
686
698
699
703
705
709
717
719
720
723
725
728
732
743
751
752
798
802
805
808
820
821
841
842
859
860
861
865
872
876
877
883
890
892
897
913
919
923
931
943
945
954
973
976
978
979
986
991
1006
1012
1014
1026
1030
1035
1044
1046
1053
1057
1060
1067
1076
1080
1088
1097
1103
1104
1105
1139
1151
1156
1165
1184
1200
1206
1213
1217
1221
1226
1227
1228
1240
1251
1254
1263
1265
1272
1275
1277
1279
1288
1291
1303
1309
1314
1325
1326
1333
1335
1353
1370
1382
1384
1392
1393
1400
1406
1408
1418
1422
1424
1436
1437
1438
1443
1447
1449
1451
1466
1482
1487
1493
1496
1498
1504
1513
1515
1516
1517
1518
1520
1546
1549
1555
1556
1557
1565
1581
1582
1591
1597
1616
1618
1619
1629
1642
1643
1647
1656
1660
1662
1681
1682
1685
1690
1708
1709
1712
1714
1715
1721
1730
1739
1743
1750
1758
1762
1768
1769
1774
1775
1781
1785
1793
1796
1805
1816
1821
1822
1827
1828
1829
1839
1845
1846
1848
1851
1860
1865
1878
1885
1886
1894
1905
1918
1929
1944
1946
1953
1960
1964
1966
1971
1982
1988
1992
1993
1995
2005
2008
2009
2017
2027
2031
2042
2045
2051
2057
2059
2060
2066
2073
2074
2081
2089
2094
2114
2120
2126
2128
2134
2135
2140
2144
2149
2159
2171
2176
2178
2179
2185
2189
2202
2203
2208
2212
2222
2231
2235
2256
2266
2269
2270
2288
2294
2296
2302
2303
2306
2319
2323
2326
2331
2337
2356
2360
2362
2372
2375
2380
2390
2395
2397
2416
2418
2420
2442
2448
2462
2465
2467
2475
2478
2481
2488
2495
2511
2520
2523
2525
2533
2536
2547
2549
2550
2552
2554
2555
2563
2576
2578
2594
2599
2602
2606
2608
2609
2615
2620
2622
2623
2624
2633
2641
2642
2655
2658
2661
2666
2667
2682
2683
2684
2688
2691
2695
2697
2699
2701
2707
2711
2718
2723
2745
2747
2754
2763
2773
2783
2784
2790
2791
2800
2806
2808
2816
2820
2831
2838
2841
2847
2854
2866
2869
2871
2875
2879
2881
2882
2890
2893
2894
2896
2913
2928
2930
2931
2932
2935
2947
2952
2956
2959
2964
2967
2975
2982
2985
3001
3004
3006
3038
3045
3050
3054
3061
3062
3064
3085
3094
3103
3105
3109
3119
3123
3129
3157
3164
3166
3169
3174
3182
3187
3188
3194
3195
3200
3204
3206
3207
3208
3213
3219
3220
3231
3235
3236
3247
3251
3264
3267
3278
3279
3293
3295
3305
3322
3325
3328
3333
3345
3347
3355
3367
3375
3377
3400
3402
3405
3408
3423
3427
3431
3434
3437
3439
3442
3461
3463
3471
3473
3475
3481
3499
3502
3504
3505
3506
3508
3516
3520
3525
3529
3531
3538
3547
3573
3579
3582
3585
3605
3607
3610
3614
3618
3621
3630
3648
3650
3658
3659
3677
3684
3689
3697
3699
3703
3704
3705
3710
3711
3719
3721
3739
3741
3747
3748
3758
3763
3765
3769
3772
3773
3775
3784
3786
3788
3803
3809
3817
3822
3827
3830
3847
3862
3884
3885
3897
3904
3913
3918
3934
3943
3951
3954
3956
3976
3979
3988
3989
3993
3994
3996
3999
4018
4021
4031
4035
4038
4039
4043
4044
4063
4070
4080
4083
4085
4096
4098
4099
4132
4147
4152
4155
4165
4168
4172
4177
4178
4182
4188
4195
4196
4197
4198
4199
4200
4201
4202
4216
4220
4222
4227
4235
4249
4253
4256
4260
4267
4275
4279
4281
4286
4289
4304
4305
4309
4318
4320
4339
4352
4357
4365
4369
4370
4372
4374
4389
4403
4406
4420
4433
4444
4445
4447
4448
4452
4453
4460
4466
4478
4480
4492
4496
4513
4531
4536
4539
4544
4550
4557
4560
4561
4563
4564
4573
4579
4594
4616
4621
4627
4633
4636
4637
4646
4659
4663
4668
4669
4673
4683
4691
4692
4700
4702
4705
4718
4720
4721
4733
4738
4766
4767
4778
4782
4784
4798
4799
4806
4808
4810
4815
4822
4828
4830
4840
4841
4847
4848
4850
4855
4856
4863
4865
4866
4874
4886
4891
4892
4894
4896
4904
4912
4915
4917
4918
4931
4938
4979
4982
4988
4994
5001
5024
5034
5041
5044
5050
5078
5083
5086
5092
5093
5094
5096
5098
5100
5104
5110
5114
5129
5133
5134
5137
5143
5151
5153
5162
5172
5182
5211
5215
5217
5219
5221
5230
5237
5244
5251
5258
5259
5260
5269
5293
5295
5311
5318
5326
5327
5328
5334
5344
5345
5347
5350
5356
5359
5369
5375
5377
5384
5391
5413
5416
5420
5426
5427
5429
5442
5445
5450
5453
5457
5463
5468
5474
5477
