
=== S5: Duplicate rows ===
  4 copies: 13,1,1,13,.077,1.00,1.00,13.00,13,13,1,1,4
  2 copies: 12,1,1,12,.083,1.00,1.00,12.00,12,12,1,1,4
  2 copies: 7,31,31,217,4.429,.295,.857,1.64,64,186,39,1,1
  2 copies: 11,1,1,11,.091,1.00,1.00,11.00,11,11,1,1,4
  3 copies: 3,4,4,12,1.333,.917,.917,11.00,11,11,1,1,1
  2 copies: 54,1,1,54,.019,1.00,1.00,54.00,54,54,1,1,4
  2 copies: 5,7,7,35,1.400,.543,1.00,2.11,19,35,9,1,1
  2 copies: 5,2,2,10,.400,.700,.700,7.00,7,7,1,1,1
  2 copies: 1,13,13,13,13.000,1.00,1.00,13.00,13,13,1,1,2
  4 copies: 3,3,3,9,1.000,.778,.778,7.00,7,7,1,1,1
  2 copies: 9,92,92,828,10.222,.365,.954,2.20,302,790,137,1,1
  3 copies: 1,14,14,14,14.000,1.00,1.00,14.00,14,14,1,1,2
  2 copies: 11,118,118,1298,10.727,.348,.797,2.71,452,1035,167,1,1
  2 copies: 8,18,18,144,2.250,.472,1.00,2.52,68,144,27,1,1
  2 copies: 4,5,5,20,1.250,.350,.800,2.33,7,16,3,1,5
  4 copies: 3,3,3,9,1.000,.889,.889,8.00,8,8,1,1,1
  2 copies: 8,12,12,96,1.500,.396,.990,1.90,38,95,20,1,1
  2 copies: 3,4,4,12,1.333,.750,.750,9.00,9,9,1,1,1
  2 copies: 1,16,16,16,16.000,1.00,1.00,16.00,16,16,1,1,2
  3 copies: 1,17,17,17,17.000,1.00,1.00,17.00,17,17,1,1,2
  5 copies: 1,8,8,8,8.000,1.00,1.00,8.00,8,8,1,1,2
  8 copies: 9,1,1,9,.111,1.00,1.00,9.00,9,9,1,1,4
  2 copies: 1,14,14,14,14.000,.929,1.00,13.00,13,14,1,1,2
  5 copies: 7,1,1,7,.143,1.00,1.00,7.00,7,7,1,1,4
  2 copies: 31,1,1,31,.032,1.00,1.00,31.00,31,31,1,1,4
  2 copies: 1,40,40,40,40.000,.400,1.00,1.07,16,40,15,1,1
  2 copies: 5,5,5,25,1.000,.520,1.00,2.17,13,25,6,1,1
  2 copies: 10,101,101,1010,10.100,.466,.893,3.02,471,902,156,1,1
  2 copies: 5,7,7,35,1.400,.457,1.00,1.45,16,35,11,1,1
  2 copies: 9,21,21,189,2.333,.392,.899,2.74,74,170,27,1,1
  2 copies: 1,12,12,12,12.000,.583,1.00,3.50,7,12,2,1,1
  2 copies: 5,7,7,35,1.400,.400,.657,2.33,14,23,6,1,1
  2 copies: 2,6,6,12,3.000,.667,1.00,4.00,8,12,2,1,2
  3 copies: 10,1,1,10,.100,1.00,1.00,10.00,10,10,1,1,4
  2 copies: 19,2,2,38,.105,.816,.816,31.00,31,31,1,1,4
  2 copies: 9,75,75,675,8.333,.256,.606,2.19,173,409,79,1,1
  2 copies: 9,19,19,171,2.111,.292,.760,2.63,50,130,19,1,1
  2 copies: 11,98,98,1078,8.909,.317,.643,2.80,342,693,122,1,1
  3 copies: 1,7,7,7,7.000,1.00,1.00,7.00,7,7,1,1,1
  6 copies: 8,1,1,8,.125,1.00,1.00,8.00,8,8,1,1,4
  2 copies: 1,7,7,7,7.000,1.00,1.00,7.00,7,7,1,1,2
  2 copies: 5,6,6,30,1.200,.433,1.00,1.63,13,30,8,1,1
  2 copies: 1,60,60,60,60.000,.200,1.00,1.09,12,60,11,1,1
  3 copies: 1,10,10,10,10.000,1.00,1.00,10.00,10,10,1,1,2
  2 copies: 9,32,32,288,3.556,.292,.826,1.53,84,238,55,1,1
  2 copies: 1,11,11,11,11.000,1.00,1.00,11.00,11,11,1,1,2
  2 copies: 8,7,7,56,.875,.429,1.00,2.18,24,56,11,1,1
  2 copies: 14,1,1,14,.071,1.00,1.00,14.00,14,14,1,1,4
  Total duplicate rows: 124
